{
  "cells": [
    {
      "cell_type": "markdown",
      "metadata": {
        "id": "view-in-github",
        "colab_type": "text"
      },
      "source": [
        "<a href=\"https://colab.research.google.com/github/akinyeleolat/pyspark_bid_data_analysis/blob/main/TrySpark.ipynb\" target=\"_parent\"><img src=\"https://colab.research.google.com/assets/colab-badge.svg\" alt=\"Open In Colab\"/></a>"
      ]
    },
    {
      "cell_type": "code",
      "execution_count": null,
      "metadata": {
        "id": "xIIHDRHlVMsO"
      },
      "outputs": [],
      "source": [
        "#Update system packages\n",
        "!sudo apt-get update\n",
        "\n",
        "#install Java\n",
        "!sudo apt install default-jdk\n",
        "\n",
        "# Download Apache Spark and extract\n",
        "!wget https://archive.apache.org/dist/spark/spark-3.0.3/spark-3.0.3-bin-hadoop2.7.tgz\n",
        "!tar xvf spark-3.0.3-bin-hadoop2.7.tgz\n",
        "\n",
        "#Install pyspark\n",
        "!pip install -q findspark\n",
        "!pip install pyspark\n",
        "!pip install handyspark"
      ]
    },
    {
      "cell_type": "markdown",
      "metadata": {
        "id": "UAtlMqdtCVDE"
      },
      "source": [
        "# Analysis"
      ]
    },
    {
      "cell_type": "code",
      "execution_count": 61,
      "metadata": {
        "id": "13oR5C6BgPDv"
      },
      "outputs": [],
      "source": [
        "#setting the environment path \n",
        "import os\n",
        "os.environ[\"JAVA_HOME\"] = \"/usr/lib/jvm/java-11-openjdk-amd64\"\n",
        "os.environ[\"SPARK_HOME\"] = \"/content/spark-3.0.3-bin-hadoop2.7\"\n",
        "os.environ[\"PYTHONPATH\"] = \"%SPARK_HOME%\\python;%SPARK_HOME%\\python\\lib\\py4j-0.10.9.2-src.zip:%PYTHONPATH%\"\n",
        "# findspark will locate spark in the system\n",
        "import findspark\n",
        "findspark.init()"
      ]
    },
    {
      "cell_type": "code",
      "execution_count": null,
      "metadata": {
        "id": "pfOKXWbZgy5n"
      },
      "outputs": [],
      "source": [
        "#Running a local SparkSession\n",
        "from pyspark.sql import SparkSession\n",
        "\n",
        "spark = SparkSession.builder.master(\"local[*]\").appName(\"Big Data analytic assignment\").getOrCreate()"
      ]
    },
    {
      "cell_type": "code",
      "execution_count": null,
      "metadata": {
        "id": "DCKmlN6ZTtBb"
      },
      "outputs": [],
      "source": [
        "spark"
      ]
    },
    {
      "cell_type": "code",
      "execution_count": null,
      "metadata": {
        "id": "M_Uaja7eTz13"
      },
      "outputs": [],
      "source": [
        "spark.sparkContext"
      ]
    },
    {
      "cell_type": "code",
      "execution_count": null,
      "metadata": {
        "colab": {
          "base_uri": "https://localhost:8080/"
        },
        "id": "MwKY1I_TvrDy",
        "outputId": "42aec116-52f6-4455-9c2e-0af9f8b24681"
      },
      "outputs": [
        {
          "output_type": "stream",
          "name": "stdout",
          "text": [
            "Mounted at /content/drive\n"
          ]
        }
      ],
      "source": [
        "from google.colab import drive\n",
        "drive.mount('/content/drive')"
      ]
    },
    {
      "cell_type": "code",
      "execution_count": null,
      "metadata": {
        "colab": {
          "base_uri": "https://localhost:8080/"
        },
        "id": "k3rMebYIwnm0",
        "outputId": "2efc93ff-6ebe-4e3b-e682-1064a405c956"
      },
      "outputs": [
        {
          "name": "stdout",
          "output_type": "stream",
          "text": [
            "/content\n",
            "drive  sample_data  spark-3.0.3-bin-hadoop2.7  spark-3.0.3-bin-hadoop2.7.tgz\n"
          ]
        }
      ],
      "source": [
        "!pwd\n",
        "!ls"
      ]
    },
    {
      "cell_type": "code",
      "execution_count": null,
      "metadata": {
        "colab": {
          "base_uri": "https://localhost:8080/"
        },
        "id": "g_qRdDBYxNZb",
        "outputId": "3058399d-b040-4c4d-ca9e-e97c3ad45c3d"
      },
      "outputs": [
        {
          "output_type": "stream",
          "name": "stdout",
          "text": [
            "+----------+-----+-------------+------+-----+-----+------------+------+------+----+----+-----+-----+--------+---------+---------+-----+-----+----+----+----------+----------+-------+-------+-----------+-----------+---------+---------+----------+----------+------------+------------+------------+------------+------------+---------------+------------+----------------+------------+----------+----------+----------+----------+----------+----------------+----------------+--------------+----------+-----+---------------+\n",
            "|srcip     |sport|dstip        |dsport|proto|state|dur         |sbytes|dbytes|sttl|dttl|sloss|dloss|service |Sload    |dload    |Spkts|Dpkts|swin|dwin|stcpb     |dtcpb     |smeansz|dmeansz|trans_depth|res_bdy_len|Sjit     |Djit     |Stime     |Ltime     |Sintpkt     |Dintpkt     |tcprtt      |synack      |ackdat      |is_sm_ips_ports|ct_state_ttl|ct_flw_http_mthd|is_ftp_login|ct_ftp_cmd|ct_srv_src|ct_srv_dst|ct_dst_ltm|ct_src_ltm|ct_src_dport_ltm|ct_dst_sport_ltm|ct_dst_src_ltm|attack_cat|Label|attack_category|\n",
            "+----------+-----+-------------+------+-----+-----+------------+------+------+----+----+-----+-----+--------+---------+---------+-----+-----+----+----+----------+----------+-------+-------+-----------+-----------+---------+---------+----------+----------+------------+------------+------------+------------+------------+---------------+------------+----------------+------------+----------+----------+----------+----------+----------+----------------+----------------+--------------+----------+-----+---------------+\n",
            "|59.166.0.0|43467|149.171.126.6|49729 |tcp  |FIN  |0.101815    |4238  |65628 |31  |29  |7    |30   |-       |328438.84|5087030.5|72   |74   |255 |255 |961515433 |3225510659|59     |887    |0          |0          |0.0      |91.579567|1421970775|1421970775|1.429493    |1.387192    |6.8E-4      |5.4600002E-4|1.34E-4     |0              |0           |0               |0           |0         |7         |4         |1         |6         |1               |1               |1             |Normal    |0    |Normal         |\n",
            "|59.166.0.5|41289|149.171.126.2|9574  |tcp  |FIN  |0.044002999 |2750  |29104 |31  |29  |7    |17   |-       |488693.97|5181101.5|44   |48   |255 |255 |3291096757|1191410228|63     |606    |0          |0          |78.126968|62.206562|1421970775|1421970775|1.014977    |0.92583001  |0.00125     |4.85E-4     |7.65E-4     |0              |0           |0               |0           |0         |3         |5         |3         |3         |1               |1               |1             |Normal    |0    |Normal         |\n",
            "|59.166.0.9|43785|149.171.126.0|6881  |tcp  |FIN  |2.7908299   |10476 |395734|31  |29  |16   |143  |-       |29863.518|1130840.8|180  |320  |255 |255 |3934392726|3961690324|58     |1237   |0          |0          |2707.4927|2018.976 |1421970772|1421970775|15.589459   |8.7470121   |6.8400003E-4|5.3199998E-4|1.5199999E-4|0              |0           |0               |0           |0         |11        |4         |3         |2         |1               |1               |1             |Normal    |0    |Normal         |\n",
            "|59.166.0.8|40691|149.171.126.9|6881  |tcp  |FIN  |2.6335001   |13350 |548216|31  |29  |21   |197  |-       |40381.238|1661560.6|232  |438  |255 |255 |1518931   |18267719  |58     |1252   |0          |0          |718.33679|500.57288|1421970773|1421970775|11.399026   |6.0251832   |6.19E-4     |4.89E-4     |1.3E-4      |0              |0           |0               |0           |0         |16        |7         |7         |1         |1               |1               |1             |Normal    |0    |Normal         |\n",
            "|59.166.0.3|20393|149.171.126.3|5190  |tcp  |FIN  |0.115048    |1958  |2308  |31  |29  |6    |6    |-       |129963.15|153814.06|22   |24   |255 |255 |3646899201|3651364285|89     |96     |0          |0          |435.26627|417.08563|1421970775|1421970775|5.460381    |4.976913    |7.0999999E-4|5.73E-4     |1.37E-4     |0              |0           |0               |0           |0         |2         |6         |1         |4         |1               |1               |1             |Normal    |0    |Normal         |\n",
            "|59.166.0.7|19792|149.171.126.0|53    |udp  |CON  |0.003362    |146   |178   |31  |29  |0    |0    |dns     |173706.13|211778.7 |2    |2    |0   |0   |0         |0         |73     |89     |0          |0          |0.0      |0.0      |1421970775|1421970775|0.011       |0.0060000001|0.0         |0.0         |0.0         |0              |0           |0               |0           |0         |3         |2         |3         |3         |3               |1               |1             |Normal    |0    |Normal         |\n",
            "|59.166.0.3|14382|149.171.126.9|3354  |tcp  |FIN  |0.45305201  |424   |8824  |31  |29  |1    |4    |ftp-data|6551.124 |142835.7 |8    |12   |255 |255 |2206905053|3307670308|53     |735    |0          |0          |3906.7949|3074.6694|1421970775|1421970775|64.671288   |41.134998   |6.8E-4      |5.5900001E-4|1.21E-4     |0              |0           |0               |0           |0         |4         |6         |7         |4         |1               |1               |2             |Normal    |0    |Normal         |\n",
            "|59.166.0.9|37074|149.171.126.2|53    |udp  |CON  |0.001088    |146   |178   |31  |29  |0    |0    |dns     |536764.69|654411.75|2    |2    |0   |0   |0         |0         |73     |89     |0          |0          |0.0      |0.0      |1421970775|1421970775|0.001       |0.0089999996|0.0         |0.0         |0.0         |0              |0           |0               |0           |0         |2         |5         |3         |2         |1               |1               |1             |Normal    |0    |Normal         |\n",
            "|59.166.0.7|12569|149.171.126.5|53    |udp  |CON  |9.6899999E-4|146   |178   |31  |29  |0    |0    |dns     |602683.19|734778.13|2    |2    |0   |0   |0         |0         |73     |89     |0          |0          |0.0      |0.0      |1421970775|1421970775|0.0099999998|0.003       |0.0         |0.0         |0.0         |0              |0           |0               |0           |0         |3         |1         |2         |3         |3               |1               |1             |Normal    |0    |Normal         |\n",
            "|59.166.0.1|12792|149.171.126.7|53    |udp  |CON  |0.0010629999|146   |178   |31  |29  |0    |0    |dns     |549388.56|669802.5 |2    |2    |0   |0   |0         |0         |73     |89     |0          |0          |0.0      |0.0      |1421970780|1421970780|0.0020000001|0.003       |0.0         |0.0         |0.0         |0              |0           |0               |0           |0         |5         |3         |2         |4         |3               |1               |1             |Normal    |0    |Normal         |\n",
            "+----------+-----+-------------+------+-----+-----+------------+------+------+----+----+-----+-----+--------+---------+---------+-----+-----+----+----+----------+----------+-------+-------+-----------+-----------+---------+---------+----------+----------+------------+------------+------------+------------+------------+---------------+------------+----------------+------------+----------+----------+----------+----------+----------+----------------+----------------+--------------+----------+-----+---------------+\n",
            "only showing top 10 rows\n",
            "\n",
            "root\n",
            " |-- srcip: string (nullable = true)\n",
            " |-- sport: integer (nullable = true)\n",
            " |-- dstip: string (nullable = true)\n",
            " |-- dsport: integer (nullable = true)\n",
            " |-- proto: string (nullable = true)\n",
            " |-- state: string (nullable = true)\n",
            " |-- dur: double (nullable = true)\n",
            " |-- sbytes: integer (nullable = true)\n",
            " |-- dbytes: integer (nullable = true)\n",
            " |-- sttl: integer (nullable = true)\n",
            " |-- dttl: integer (nullable = true)\n",
            " |-- sloss: integer (nullable = true)\n",
            " |-- dloss: integer (nullable = true)\n",
            " |-- service: string (nullable = true)\n",
            " |-- Sload: double (nullable = true)\n",
            " |-- dload: double (nullable = true)\n",
            " |-- Spkts: integer (nullable = true)\n",
            " |-- Dpkts: integer (nullable = true)\n",
            " |-- swin: integer (nullable = true)\n",
            " |-- dwin: integer (nullable = true)\n",
            " |-- stcpb: long (nullable = true)\n",
            " |-- dtcpb: long (nullable = true)\n",
            " |-- smeansz: integer (nullable = true)\n",
            " |-- dmeansz: integer (nullable = true)\n",
            " |-- trans_depth: integer (nullable = true)\n",
            " |-- res_bdy_len: integer (nullable = true)\n",
            " |-- Sjit: double (nullable = true)\n",
            " |-- Djit: double (nullable = true)\n",
            " |-- Stime: integer (nullable = true)\n",
            " |-- Ltime: integer (nullable = true)\n",
            " |-- Sintpkt: double (nullable = true)\n",
            " |-- Dintpkt: double (nullable = true)\n",
            " |-- tcprtt: double (nullable = true)\n",
            " |-- synack: double (nullable = true)\n",
            " |-- ackdat: double (nullable = true)\n",
            " |-- is_sm_ips_ports: integer (nullable = true)\n",
            " |-- ct_state_ttl: integer (nullable = true)\n",
            " |-- ct_flw_http_mthd: integer (nullable = true)\n",
            " |-- is_ftp_login: integer (nullable = true)\n",
            " |-- ct_ftp_cmd: integer (nullable = true)\n",
            " |-- ct_srv_src: integer (nullable = true)\n",
            " |-- ct_srv_dst: integer (nullable = true)\n",
            " |-- ct_dst_ltm: integer (nullable = true)\n",
            " |-- ct_src_ltm: integer (nullable = true)\n",
            " |-- ct_src_dport_ltm: integer (nullable = true)\n",
            " |-- ct_dst_sport_ltm: integer (nullable = true)\n",
            " |-- ct_dst_src_ltm: integer (nullable = true)\n",
            " |-- attack_cat: string (nullable = false)\n",
            " |-- Label: integer (nullable = true)\n",
            " |-- attack_category: string (nullable = false)\n",
            "\n"
          ]
        }
      ],
      "source": [
        "#Replace part of string with another string\n",
        "from pyspark.sql.functions import *\n",
        "from pyspark.sql.functions import regexp_replace\n",
        "\n",
        "#spark data\n",
        "spark_data = spark.read.format('csv').options(header='true', inferSchema='true').load(\"/content/drive/MyDrive/uel_dataset/UNSW-NB15.csv\").toDF(\n",
        "    'srcip','sport','dstip','dsport','proto','state','dur','sbytes','dbytes','sttl','dttl','sloss','dloss',\n",
        "    'service','Sload','dload','Spkts','Dpkts','swin','dwin','stcpb','dtcpb','smeansz','dmeansz','trans_depth','res_bdy_len','Sjit','Djit','Stime','Ltime',\n",
        "    'Sintpkt','Dintpkt','tcprtt','synack','ackdat','is_sm_ips_ports','ct_state_ttl','ct_flw_http_mthd','is_ftp_login','ct_ftp_cmd','ct_srv_src','ct_srv_dst','ct_dst_ltm',\n",
        "    'ct_src_ltm','ct_src_dport_ltm','ct_dst_sport_ltm','ct_dst_src_ltm','attack_cat','Label')\n",
        "spark_data=spark_data.na.fill('Normal',['attack_cat'])\n",
        "spark_data=spark_data.withColumn('attack_cat', regexp_replace('attack_cat', 'Backdoors', 'Backdoor'))\n",
        "spark_data=spark_data.withColumn('attack_category', trim(spark_data.attack_cat))\n",
        "spark_data.show(10, truncate=False)\n",
        "spark_data.printSchema()"
      ]
    },
    {
      "cell_type": "code",
      "execution_count": null,
      "metadata": {
        "colab": {
          "base_uri": "https://localhost:8080/"
        },
        "id": "1C-WaHG31h76",
        "outputId": "89eba425-66e3-443a-efd3-b0a04e3a30d3"
      },
      "outputs": [
        {
          "output_type": "execute_result",
          "data": {
            "text/plain": [
              "2539738"
            ]
          },
          "metadata": {},
          "execution_count": 8
        }
      ],
      "source": [
        "spark_data.count()"
      ]
    },
    {
      "cell_type": "code",
      "source": [
        "from pyspark.sql.functions import col\n",
        "spark_data.groupBy(\"attack_category\") \\\n",
        "    .count() \\\n",
        "    .orderBy(col(\"count\").desc()) \\\n",
        "    .show()"
      ],
      "metadata": {
        "id": "19nX4nMEj1ms"
      },
      "execution_count": null,
      "outputs": []
    },
    {
      "cell_type": "code",
      "execution_count": null,
      "metadata": {
        "id": "YRb0SJ9PxXD6"
      },
      "outputs": [],
      "source": [
        "#Summary statics\n",
        "numeric_features = [t[0] for t in spark_data.dtypes if t[1] == 'int' or t[1] == 'long'or t[1] == 'double']\n",
        "num_data_set=spark_data.select(numeric_features)\n",
        "num_data_set.describe().toPandas().transpose()"
      ]
    },
    {
      "cell_type": "code",
      "execution_count": null,
      "metadata": {
        "colab": {
          "base_uri": "https://localhost:8080/"
        },
        "id": "Og9-OCue9zFh",
        "outputId": "3ba1455f-19c6-4ba4-a9cd-cb4f88653b02"
      },
      "outputs": [
        {
          "output_type": "stream",
          "name": "stdout",
          "text": [
            "+---------------------+---------------------+----------------------+----------------------+---------------------+---------------------+----------------------+---------------------+----------------------+---------------------+----------------------+---------------------+---------------------+--------------------+---------------------+----------------------+---------------------+----------------------+----------------------+---------------------+---------------------+----------------------+----------------------+----------------------+----------------------+----------------------+----------------------+----------------------+----------------------+----------------------+----------------------+----------------------+----------------------+---------------------+---------------------+---------------------+---------------------+---------------------+---------------------+---------------------+---------------------+\n",
            "|sport                |dsport               |dur                   |sbytes                |dbytes               |sttl                 |dttl                  |sloss                |dloss                 |Sload                |dload                 |Spkts                |Dpkts                |swin                |dwin                 |smeansz               |dmeansz              |trans_depth           |res_bdy_len           |Sjit                 |Djit                 |Stime                 |Ltime                 |Sintpkt               |Dintpkt               |tcprtt                |synack                |ackdat                |is_sm_ips_ports       |ct_state_ttl          |ct_flw_http_mthd      |is_ftp_login          |ct_ftp_cmd            |ct_srv_src           |ct_srv_dst           |ct_dst_ltm           |ct_src_ltm           |ct_src_dport_ltm     |ct_dst_sport_ltm     |ct_dst_src_ltm       |Label                |\n",
            "+---------------------+---------------------+----------------------+----------------------+---------------------+---------------------+----------------------+---------------------+----------------------+---------------------+----------------------+---------------------+---------------------+--------------------+---------------------+----------------------+---------------------+----------------------+----------------------+---------------------+---------------------+----------------------+----------------------+----------------------+----------------------+----------------------+----------------------+----------------------+----------------------+----------------------+----------------------+----------------------+----------------------+---------------------+---------------------+---------------------+---------------------+---------------------+---------------------+---------------------+---------------------+\n",
            "|1.0                  |0.08663499023906862  |-0.015599816532688727 |0.0055389769448293425 |0.02508666186482639  |-0.1494410406306587  |0.1054305193082678    |0.023603349489356735 |0.03184755382302873   |-0.109692634018567   |0.061920606207913266  |0.041695346475162216 |0.03831805481102816  |0.1391573753841048  |0.13878998445811755  |0.020078286326752015  |0.08985115801043626  |0.028792551468803503  |0.009808584036153676  |0.018414246658057395 |0.021512171979478883 |-0.07374860042767423  |-0.07374892087532492  |-0.09060936117700835  |-0.060076874077475265 |0.04532415475878738   |0.04289727826648994   |0.04090462488776504   |-0.060660696668038736 |-0.14661131464328334  |0.03080216836970874   |0.013641294260461817  |0.008903407784941291  |-0.14106479566788332 |-0.14385033515819323 |-0.14064720096075745 |-0.14058625561334823 |-0.1565693390033394  |-0.18084665126388666 |-0.15881765781058388 |-0.14991036321741827 |\n",
            "|0.08663499023906862  |1.0                  |-0.01992710808419929  |-0.010373012623832178 |-0.012016003914633006|-0.24081681535178226 |-0.004139317077023453 |0.014626794727848325 |0.003139661271435631  |-0.1788606794609147  |0.5104108939039511    |0.053711088351578694 |0.00937506875668044  |0.3864024751034028  |0.3832066969940472   |-0.03917637403022479  |0.37732345301360615  |-0.14358214448986276  |-0.05398414187384723  |-0.03541967375648036 |-0.08934210357405391 |-0.12477645565197358  |-0.12477677496427621  |-0.03968503525633167  |-0.029833956705951157 |-0.046925728591232715 |-0.04145696961317092  |-0.045551693276978986 |-0.024670046490752117 |-0.20488563514183755  |-0.11948566193548683  |-0.07907913809962008  |-0.06782344621577592  |-0.14997186580571556 |-0.16778602837839454 |-0.20048607715482708 |-0.18893354385086622 |-0.24828842561116599 |-0.24696704797736577 |-0.2423241525285407  |-0.21654390236470605 |\n",
            "|-0.015599816532688727|-0.01992710808419929 |1.0                   |0.033268689774862484  |0.08696993592951305  |-0.003653159739958445|0.010704417325709351  |0.041492073231870166 |0.0877117994880414    |-0.01471325911295996 |-0.022505841337180442 |0.08808038248016224  |0.08936696536733536  |0.011120779589989787|0.010651676251434476 |-0.003158294768918592 |0.0358195278788792   |0.01654281817563832   |0.04387210043589932   |0.03318525081902669  |0.04801862279984456  |-0.0056189892596655655|-0.005606648390438891 |0.07169186303336228   |0.09715133723398595   |0.011355429866587566  |0.01058237680585675   |0.010426904180680431  |0.0060954996477437014 |0.010420657572563587  |0.014119071538895776  |0.007082768941770463  |0.006410316597299989  |-0.019280513201037276|-0.01843314232579554 |-0.01380066274734446 |-0.01587460455270723 |-0.013105726810113787|-0.011310005001928877|-0.016089699048358535|0.0019570550365779526|\n",
            "|0.0055389769448293425|-0.010373012623832178|0.033268689774862484  |1.0                   |0.047025536003439165 |-0.008924613388845383|0.0664196637747025    |0.9534935536263462   |0.05118081700590351   |-0.020987142069726385|-0.0067905416071493176|0.6028425177873586   |0.10974677474581172  |0.059774169301424825|0.05993924884227566  |0.1879472068467369    |0.016013857933129805 |4.6167910503997037E-4 |0.020545115472964285  |0.0013924375953728683|0.0014940240926532141|-0.006677808213326669 |-0.00667740403157405  |-0.0047442923644912685|-0.002711329618744756 |0.02718425220881045   |0.023593840502707356  |0.026845686871283136  |-0.003094391327854079 |-0.0033327154666166507|-0.002881205628058241 |-0.0033606595951908547|-0.002880278482072403 |-0.03512106211149859 |-0.0351594465034724  |-0.02799871945753324 |-0.027655047381044004|-0.02793248614229266 |-0.028037066986496523|-0.031108863552185728|0.010177237455052958 |\n",
            "|0.02508666186482639  |-0.012016003914633006|0.08696993592951305   |0.047025536003439165  |1.0                  |-0.09418031873824265 |0.009103726537954306  |0.11553012016007815  |0.9913421224022801    |-0.06997698705891814 |0.08379675313577443   |0.7270739154512647   |0.9708091258526802   |0.18843455078102037 |0.1889598103927395   |-0.09393473479029694  |0.593352548502788    |0.11548262582023014   |0.5606288263858508    |0.028187464474510492 |0.12716528170477234  |-0.0525690744389445   |-0.052568037849110856 |-0.014194791265891366 |-0.010890439000741058 |-0.01707889806215508  |-0.01567452189990037  |-0.015944124373538544 |-0.00919822223444263  |-0.07955744572940249  |0.08041482324733289   |-0.02648385161685938  |-0.022707398538099124 |-0.051521943269456555|-0.052016689007043156|-0.06030151794438341 |-0.06527560513761729 |-0.06621669977118427 |-0.07203300568626496 |-0.07989079375809757 |-0.07555443740181465 |\n",
            "|-0.1494410406306587  |-0.24081681535178226 |-0.003653159739958445 |-0.008924613388845383 |-0.09418031873824265 |1.0                  |0.11399364552292288   |-0.06943521428851228 |-0.11865570490141694  |0.280094087087449    |-0.24682466037176276  |-0.1507954536590598  |-0.14172844872425827 |-0.3522748403289267 |-0.35792457276751355 |-0.0563873257886913   |-0.33301643590347463 |-0.0623657646220912   |-0.036784979487767516 |0.043504362373664396 |-0.07372732838088002 |0.31322158771963926   |0.3132215266764324    |-0.04402526909280765  |-0.025794618185456704 |0.2129027306544074    |0.19269800158331796   |0.2016789323221343    |-0.03398804391696879  |0.9060746695191794    |-0.05665806474040941  |-0.04976863445289834  |-0.043434299424035754 |0.45555639283416993  |0.4581125941888662   |0.3942381683319662   |0.3954963952935565   |0.4566823381380628   |0.4781035139246083   |0.5136675780848406   |0.9044106407218535   |\n",
            "|0.1054305193082678   |-0.004139317077023453|0.010704417325709351  |0.0664196637747025    |0.009103726537954306 |0.11399364552292288  |1.0                   |0.07667002581197903  |0.013898810993050936  |-0.21916378512010123 |-0.022117913706744347 |0.046284474438005666 |0.019923216002888777 |0.3052480782279334  |0.30687493591600196  |0.09876564844970506   |0.04667476128628665  |0.11784942655265321   |0.007926274009048778  |0.16046493432523937  |0.04673891464505585  |-0.001547442629926484 |-0.0015473689627068987|-0.03390598183414135  |3.2865418306641766E-4 |0.5680163253963959    |0.5188020478983434    |0.5329908465896306    |-0.029207468375541227 |0.040769526698170085  |0.10259391235332467   |0.028128547511718203  |0.019643768204557793  |-0.3014762007213899  |-0.3089969386531409  |-0.2873659756630811  |-0.27879912610012203 |-0.27488270730052966 |-0.28778517841998974 |-0.2901981734837897  |0.13492105916807592  |\n",
            "|0.023603349489356735 |0.014626794727848325 |0.041492073231870166  |0.9534935536263462    |0.11553012016007815  |-0.06943521428851228 |0.07667002581197903   |1.0                  |0.1533213770742305    |-0.06891590744807946 |0.04670991151599411   |0.7255106296379256   |0.23735566647984854  |0.19171991519564888 |0.19197506309302775  |0.15745605659919237   |0.0924474774946679   |-0.02070131109387811  |-0.012350508482206733 |0.0062626046960654125|0.022510939348215065 |-0.039867476525702765 |-0.03986699240998082  |-0.014528021779067578 |-0.00942422139205874  |0.019758872857858274  |0.017502364110038474  |0.01913026937870451   |-0.009325771387410843 |-0.05802966036746635  |-0.019399232796380488 |0.032256303216686405  |0.02771189640687055   |-0.08151900343501232 |-0.08302763145122993 |-0.07929688189240737 |-0.07908610310842175 |-0.08549416691617495 |-0.08746774854106414 |-0.09425976613405664 |-0.04328289492230767 |\n",
            "|0.03184755382302873  |0.003139661271435631 |0.0877117994880414    |0.05118081700590351   |0.9913421224022801   |-0.11865570490141694 |0.013898810993050936  |0.1533213770742305   |1.0                   |-0.0888319826655197  |0.10881847298772279   |0.7664660469687125   |0.9921627026677282   |0.2412118600690758  |0.24188167715821823  |-0.09308115680616445  |0.6039468097155061   |0.10096209662741584   |0.5384728409502874    |0.026562222002471932 |0.12436469682432656  |-0.06504041390585232  |-0.06503937612294734  |-0.01826309589190724  |-0.013803598050638839 |-0.019990706999662943 |-0.018219487768146428 |-0.018800455210020037 |-0.011736919907059445 |-0.10117560378885494  |0.06905158649097985   |-0.003978756062733274 |-0.0033684000237177436|-0.07303116447351514 |-0.0743936603854087  |-0.08191568900735194 |-0.08634722751637881 |-0.09053345966110413 |-0.09645026483314924 |-0.1061684537443981  |-0.09586934585844226 |\n",
            "|-0.109692634018567   |-0.1788606794609147  |-0.01471325911295996  |-0.020987142069726385 |-0.06997698705891814 |0.280094087087449    |-0.21916378512010123  |-0.06891590744807946 |-0.0888319826655197   |1.0                  |-0.17458382163697653  |-0.12502679786875628 |-0.1078553497472376  |-0.3603187149295129 |-0.3607255780127189  |0.05718784606429028   |-0.25243453329480037 |-0.07380580231461914  |-0.027783486001682185 |-0.028998491608414754|-0.06609544406630213 |0.23855043307483684   |0.23855026531815549   |-0.02013960874344804  |-0.01711190817177883  |-0.04159254619778787  |-0.03933982759300762  |-0.03756466435122195  |-0.01266345406420434  |0.21682775405407306   |-0.06140709777192591  |-0.040268451516547225 |-0.03453778268213269  |0.4731047547840358   |0.47869321850217095  |0.42839211710175396  |0.41879776016144293  |0.4732939727034495   |0.4890812731207747   |0.5130603785210551   |0.1923150007396567   |\n",
            "|0.061920606207913266 |0.5104108939039511   |-0.022505841337180442 |-0.0067905416071493176|0.08379675313577443  |-0.24682466037176276 |-0.022117913706744347 |0.04670991151599411  |0.10881847298772279   |-0.17458382163697653 |1.0                   |0.1670631600992009   |0.1195729662050061   |0.4218136663231106  |0.4231691233401979   |-0.19551201055805703  |0.5691685549848029   |-0.11007645632527428  |0.010481078275644994  |-0.05074815891721063 |-0.10876249545457697 |-0.12285403198410459  |-0.12285438337191343  |-0.03991635025441525  |-0.0312532856797477   |-0.06795444429288475  |-0.060257599241453    |-0.06572355936436071  |-0.023597824538205896 |-0.221273323403154    |-0.0934871322936189   |-0.06693203388682832  |-0.05743710615196131  |-0.14815584591708236 |-0.17276440735186852 |-0.2163603022531605  |-0.19409414489670185 |-0.23429541522206535 |-0.23592394763579264 |-0.25470473870399074 |-0.21974347265950914 |\n",
            "|0.041695346475162216 |0.053711088351578694 |0.08808038248016224   |0.6028425177873586    |0.7270739154512647   |-0.1507954536590598  |0.046284474438005666  |0.7255106296379256   |0.7664660469687125    |-0.12502679786875628 |0.1670631600992009    |1.0                  |0.8225775964173077   |0.3364458721258879  |0.3373396458453087   |0.017436045273732395  |0.5218082402275532   |0.03895681294057719   |0.34079846227309274   |0.01807921283727045  |0.0899687036504198   |-0.08485644344581646  |-0.08485540309951839  |-0.025901413972854326 |-0.018414744027563233 |-0.013015449860121065 |-0.011453158715453965 |-0.012683580699498974 |-0.017186415185746557 |-0.13162874564735824  |0.020617785378405258  |0.02902907355398206   |0.025097099252719163  |-0.1210717868824228  |-0.12533049866892443 |-0.1309081070050077  |-0.1320656158490436  |-0.14308770292200126 |-0.14767768022625827 |-0.16206695397439677 |-0.12090100648968942 |\n",
            "|0.03831805481102816  |0.00937506875668044  |0.08936696536733536   |0.10974677474581172   |0.9708091258526802   |-0.14172844872425827 |0.019923216002888777  |0.23735566647984854  |0.9921627026677282    |-0.1078553497472376  |0.1195729662050061    |0.8225775964173077   |1.0                  |0.2844476544090578  |0.28526565262210757  |-0.0732944180988541   |0.6033816004836448   |0.08914285015018437   |0.499629342169246     |0.027072877223625114 |0.1272862538272638   |-0.07832494319723345  |-0.07832388802981168  |-0.021799201150678873 |-0.015566104575764465 |-0.022489790174106645 |-0.020299066548833837 |-0.021365275226353706 |-0.014304584014388073 |-0.12274546873688061  |0.06012780407705021   |0.010059270633289829  |0.008775113779519315  |-0.09545556041517786 |-0.0971936713973298  |-0.10366312583499523 |-0.107712557762753   |-0.11470562092834152 |-0.12135396901430866 |-0.13248744236578927 |-0.11596540315683115 |\n",
            "|0.1391573753841048   |0.3864024751034028   |0.011120779589989787  |0.059774169301424825  |0.18843455078102037  |-0.3522748403289267  |0.3052480782279334    |0.19171991519564888  |0.2412118600690758    |-0.3603187149295129  |0.4218136663231106    |0.3364458721258879   |0.2844476544090578   |1.0                 |0.9972069946293167   |0.1502046456752559    |0.5801287284680307   |0.19885001274318065   |0.07465090632338252   |0.07612903868904156  |0.16871500911409198  |-0.2138810598509468   |-0.21388107059644973  |-0.07023165189389562  |-0.04144953559202533  |0.11180465252910614   |0.10579848397005097   |0.10092388092837436   |-0.04852068172071572  |-0.3275000844517237   |0.16538388316884625   |0.10869045487520426   |0.09322005016053461   |-0.41830964797610243 |-0.43344965663547297 |-0.4054074175022685  |-0.39142578070034306 |-0.44900816021370815 |-0.47307869459094143 |-0.48131584719991194 |-0.31519369609207754 |\n",
            "|0.13878998445811755  |0.3832066969940472   |0.010651676251434476  |0.05993924884227566   |0.1889598103927395   |-0.35792457276751355 |0.30687493591600196   |0.19197506309302775  |0.24188167715821823   |-0.3607255780127189  |0.4231691233401979    |0.3373396458453087   |0.28526565262210757  |0.9972069946293167  |1.0                  |0.15093058851013527   |0.5820649777474689   |0.1994023670461973    |0.07485829343438799   |0.0761814981271958   |0.16921237719653606  |-0.2147572589821094   |-0.21475727535604097  |-0.07063335158804276  |-0.041278955049828814 |0.11212667524191353   |0.10614309619920179   |0.10117136275294424   |-0.04852367817593347  |-0.3467041512785892   |0.16584328033714743   |0.10899236498050316   |0.09347898803553019   |-0.41904017053398146 |-0.4339793751048345  |-0.4053206493546845  |-0.39118122149612083 |-0.44770700643867767 |-0.4718132644278721  |-0.48237015463679694 |-0.3140046558410486  |\n",
            "|0.020078286326752015 |-0.03917637403022479 |-0.003158294768918592 |0.1879472068467369    |-0.09393473479029694 |-0.0563873257886913  |0.09876564844970506   |0.15745605659919237  |-0.09308115680616445  |0.05718784606429028  |-0.19551201055805703  |0.017436045273732395 |-0.0732944180988541  |0.1502046456752559  |0.15093058851013527  |1.0                   |-0.22306178890292427 |0.004663193200186079  |-0.039310498078968296 |0.004499196527926543 |-0.021739596959253565|-0.01798904270505683  |-0.017989123173179945 |-0.031505725170706614 |-0.022255328954650332 |0.04155254474175816   |0.03806236196915624   |0.038871131471899044  |-0.02095268683726816  |-0.07189711207903636  |-0.0022663443017569927|-0.057844344072784604 |-0.049683189928570744 |-0.10854604667837242 |-0.10322799074771481 |-0.05162403316986346 |-0.05456387673582707 |-0.06779727018725074 |-0.06625858929748256 |-0.059981124219214206|-0.06536368311442614 |\n",
            "|0.08985115801043626  |0.37732345301360615  |0.0358195278788792    |0.016013857933129805  |0.593352548502788    |-0.33301643590347463 |0.04667476128628665   |0.0924474774946679   |0.6039468097155061    |-0.25243453329480037 |0.5691685549848029    |0.5218082402275532   |0.6033816004836448   |0.5801287284680307  |0.5820649777474689   |-0.22306178890292427  |1.0                  |0.2117323046060503    |0.2985686896409546    |0.03263112233048988  |0.22182025602195043  |-0.1726748952776727   |-0.17267455704214243  |-0.04838452921070109  |-0.031267115134054974 |-0.05206008546453798  |-0.046672858385716304 |-0.04979934499384714  |-0.03353484910698153  |-0.2914325503612385   |0.17016611545304156   |-0.08039131069341024  |-0.06896090175658767  |-0.25858448009893    |-0.276735313639119   |-0.28711151120899353 |-0.27785453136197275 |-0.31095614138637057 |-0.3204844624883186  |-0.34490403729763297 |-0.27244873757953686 |\n",
            "|0.028792551468803503 |-0.14358214448986276 |0.01654281817563832   |4.6167910503997037E-4 |0.11548262582023014  |-0.0623657646220912  |0.11784942655265321   |-0.02070131109387811 |0.10096209662741584   |-0.07380580231461914 |-0.11007645632527428  |0.03895681294057719  |0.08914285015018437  |0.19885001274318065 |0.1994023670461973   |0.004663193200186079  |0.2117323046060503   |1.0                   |0.23382596069044498   |0.08654071138796345  |0.3529551229378324   |-0.03190648136098822  |-0.03190630466176672  |-0.009772543588167358 |-0.0029165604486550358|0.03892164624089316   |0.03323366370336111   |0.03902969165705015   |-0.009675772983232392 |-0.05496769364322419  |0.5760864395753679    |-0.030929375116839998 |-0.026527057074100358 |-0.14581425618165292 |-0.14290389199468229 |-0.08871691073883918 |-0.08958033370912352 |-0.08769150847189011 |-0.08932682768838075 |-0.10591437255316803 |-0.02905206488001192 |\n",
            "|0.009808584036153676 |-0.05398414187384723 |0.04387210043589932   |0.020545115472964285  |0.5606288263858508   |-0.036784979487767516|0.007926274009048778  |-0.012350508482206733|0.5384728409502874    |-0.027783486001682185|0.010481078275644994  |0.34079846227309274  |0.499629342169246    |0.07465090632338252 |0.07485829343438799  |-0.039310498078968296 |0.2985686896409546   |0.23382596069044498   |1.0                   |0.002764634426503785 |0.019213151669856866 |-0.01427198300290924  |-0.014271455764327435 |-0.005319434410050587 |-0.004052854858448551 |-0.0037655372637665024|-0.0037754022268629795|-0.003169305554434743 |-0.003632800208044727 |-0.029780298935232995 |0.16979267797046765   |-0.011612533753496086 |-0.009959669229919199 |-0.05718330286149743 |-0.055664475004307386|-0.03392089809101594 |-0.038595108633425884|-0.03340434329605847 |-0.033886156909627894|-0.040338388809977394|-0.02734292512009079 |\n",
            "|0.018414246658057395 |-0.03541967375648036 |0.03318525081902669   |0.0013924375953728683 |0.028187464474510492 |0.043504362373664396 |0.16046493432523937   |0.0062626046960654125|0.026562222002471932  |-0.028998491608414754|-0.05074815891721063  |0.01807921283727045  |0.027072877223625114 |0.07612903868904156 |0.0761814981271958   |0.004499196527926543  |0.03263112233048988  |0.08654071138796345   |0.002764634426503785  |1.0                  |0.3874157788268633   |0.0015681299701276745 |0.001568556051363008  |0.059972449695159157  |0.17978835360948703   |0.12662849004247867   |0.11852702548765386   |0.1157119176933224    |-0.003811278528666174 |0.01696567646722295   |0.12622458782672516   |0.006443201764598251  |0.005586723340879746  |-0.040882866130458224|-0.04173105774669561 |-0.03369858655189459 |-0.035487070973142104|-0.02954025318211283 |-0.030514915280113953|-0.032929816654179496|0.02095682687816606  |\n",
